170
16 R 1 0
18 R 1 2.3
20 R 1 5.6
22 R 1 8
32 B 7 0
33 B 7 2.3
34 B 7 5.6
35 B 7 8
40 R 2 7
41 B 5 4
42 R 2 1
48 B 3 1
49 R 4 4
50 B 3 7
52 R 2 1
53 B 4 1
54 R 6 1
63 R 0 0
64 R 1.6 1.6
66 R 3.2 3.2
67 R 4.8 4.8
68 R 6.4 6.4
79 B 8 0
80 B 6.4 1.6
82 B 4.8 3.2
83 B 3.2 4.8
84 B 1.6 6.4
136 R 2 6
137 R 6 6
138 R 4 2
144 B 2 2
145 B 6 2
146 B 4 6
152 R 2 4
153 B 6 2
154 B 6 6
160 B 6 4
161 R 2 2
162 R 2 6
165 B 4 7.22
166 R 4 6.33
167 B 4 5.44
168 R 4 4.55
169 B 4 3.66
170 R 4 2.77
171 B 4 1.88
174 B 3 1.88
175 R 7 2.77
176 B 3 3.66
177 R 7 4.55
178 B 3 5.44
179 R 7 6.33
182 R 2 5
183 R 6 5
184 B 2 3
185 B 6 3
190 B 2 5
191 B 6 5
192 R 2 3
193 R 6 3
201 R 7 1
201.5 B 7 7
202 R 1 1
202.5 B 1 7
207 R 1 7
207.5 B 1 1
208 R 7 7
208.5 B 7 1
215 R 1 7
216 B 1 1
217 R 2 7
218 B 2 1
219 R 3 7
220 B 3 1
223 R 4 7
224 B 4 1
225 R 5 7
226 B 5 1
227 R 6 7
228 B 6 1