200
12 R 1 0
14 R 1 2.3
16 R 1 5.6
18 R 1 8
28 B 7 0
30 B 7 2.3
32 B 7 5.6
34 B 7 8
48 B  5.1 2
48.5 B 2.8 3
49 B 3.2 4
60 B 7 2.3
61 B 5.1 2
62 R 2.1 5
62 B 2.1 7
78 B 4.1 5.
80 R 3.1 4
80.5 R 5.1 2
81 R 2.1 2
82 B 7.1 2
84 R 1 0
86 R 1 8
88 R 7 0
90 R 7 8
92 R 7 2
94 R 0 2
96 R 0 5
98 R 7 5
100 R 2 2
102 R 6 6
104 R 4 4
106 R 5 2.1
108 R 2 2.1
110 R 5.1 0
112 R 7 1
114 R 1 7
160.5 R 2.1 7
161 R 2.1 5
162 R 7 2.1
164 R 7 2.1
164 B 3 5.1
164.5 B 5.1 3
165 R 4 2.1
166 R 7 1.5
168 R 5 5
168.5 R 6 6
169 R 7 7
170 B 0 0
172 R 2 2
172.5 R 5.1 2
173 R 2 4.7
174 B 1 6.8
176 R 6 3
176.5 R 1 6
177 R 6 4
178 B 5 1
178 R 2 4